title:Alpaca Test

// Nessa's Oblation - Nessa's Oblation (mnk,pve)
//notes: tags:mnk,pve
dimwishlist:item=135029084&perks=1840239774,106909392,848860060,1546637391
dimwishlist:item=135029084&perks=1840239774,106909392,848860060,3007133316
dimwishlist:item=135029084&perks=1840239774,106909392,848860060,3418165135
dimwishlist:item=135029084&perks=1840239774,106909392,848860060,4104185692
dimwishlist:item=135029084&perks=1840239774,106909392,461595545,1546637391
dimwishlist:item=135029084&perks=1840239774,106909392,461595545,3007133316
dimwishlist:item=135029084&perks=1840239774,106909392,461595545,3418165135
dimwishlist:item=135029084&perks=1840239774,106909392,461595545,4104185692
dimwishlist:item=135029084&perks=1840239774,106909392,1354429876,1546637391
dimwishlist:item=135029084&perks=1840239774,106909392,1354429876,3007133316
dimwishlist:item=135029084&perks=1840239774,106909392,1354429876,3418165135
dimwishlist:item=135029084&perks=1840239774,106909392,1354429876,4104185692
dimwishlist:item=135029084&perks=1840239774,106909392,1523832109,1546637391
dimwishlist:item=135029084&perks=1840239774,106909392,1523832109,3007133316
dimwishlist:item=135029084&perks=1840239774,106909392,1523832109,3418165135
dimwishlist:item=135029084&perks=1840239774,106909392,1523832109,4104185692
dimwishlist:item=135029084&perks=1840239774,791862061,848860060,1546637391
dimwishlist:item=135029084&perks=1840239774,791862061,848860060,3007133316
dimwishlist:item=135029084&perks=1840239774,791862061,848860060,3418165135
dimwishlist:item=135029084&perks=1840239774,791862061,848860060,4104185692
dimwishlist:item=135029084&perks=1840239774,791862061,461595545,1546637391
dimwishlist:item=135029084&perks=1840239774,791862061,461595545,3007133316
dimwishlist:item=135029084&perks=1840239774,791862061,461595545,3418165135
dimwishlist:item=135029084&perks=1840239774,791862061,461595545,4104185692
dimwishlist:item=135029084&perks=1840239774,791862061,1354429876,1546637391
dimwishlist:item=135029084&perks=1840239774,791862061,1354429876,3007133316
dimwishlist:item=135029084&perks=1840239774,791862061,1354429876,3418165135
dimwishlist:item=135029084&perks=1840239774,791862061,1354429876,4104185692
dimwishlist:item=135029084&perks=1840239774,791862061,1523832109,1546637391
dimwishlist:item=135029084&perks=1840239774,791862061,1523832109,3007133316
dimwishlist:item=135029084&perks=1840239774,791862061,1523832109,3418165135
dimwishlist:item=135029084&perks=1840239774,791862061,1523832109,4104185692
dimwishlist:item=135029084&perks=1840239774,1087426260,848860060,1546637391
dimwishlist:item=135029084&perks=1840239774,1087426260,848860060,3007133316
dimwishlist:item=135029084&perks=1840239774,1087426260,848860060,3418165135
dimwishlist:item=135029084&perks=1840239774,1087426260,848860060,4104185692
dimwishlist:item=135029084&perks=1840239774,1087426260,461595545,1546637391
dimwishlist:item=135029084&perks=1840239774,1087426260,461595545,3007133316
dimwishlist:item=135029084&perks=1840239774,1087426260,461595545,3418165135
dimwishlist:item=135029084&perks=1840239774,1087426260,461595545,4104185692
dimwishlist:item=135029084&perks=1840239774,1087426260,1354429876,1546637391
dimwishlist:item=135029084&perks=1840239774,1087426260,1354429876,3007133316
dimwishlist:item=135029084&perks=1840239774,1087426260,1354429876,3418165135
dimwishlist:item=135029084&perks=1840239774,1087426260,1354429876,4104185692
dimwishlist:item=135029084&perks=1840239774,1087426260,1523832109,1546637391
dimwishlist:item=135029084&perks=1840239774,1087426260,1523832109,3007133316
dimwishlist:item=135029084&perks=1840239774,1087426260,1523832109,3418165135
dimwishlist:item=135029084&perks=1840239774,1087426260,1523832109,4104185692
dimwishlist:item=135029084&perks=839105230,106909392,848860060,1546637391
dimwishlist:item=135029084&perks=839105230,106909392,848860060,3007133316
dimwishlist:item=135029084&perks=839105230,106909392,848860060,3418165135
dimwishlist:item=135029084&perks=839105230,106909392,848860060,4104185692
dimwishlist:item=135029084&perks=839105230,106909392,461595545,1546637391
dimwishlist:item=135029084&perks=839105230,106909392,461595545,3007133316
dimwishlist:item=135029084&perks=839105230,106909392,461595545,3418165135
dimwishlist:item=135029084&perks=839105230,106909392,461595545,4104185692
dimwishlist:item=135029084&perks=839105230,106909392,1354429876,1546637391
dimwishlist:item=135029084&perks=839105230,106909392,1354429876,3007133316
dimwishlist:item=135029084&perks=839105230,106909392,1354429876,3418165135
dimwishlist:item=135029084&perks=839105230,106909392,1354429876,4104185692
dimwishlist:item=135029084&perks=839105230,106909392,1523832109,1546637391
dimwishlist:item=135029084&perks=839105230,106909392,1523832109,3007133316
dimwishlist:item=135029084&perks=839105230,106909392,1523832109,3418165135
dimwishlist:item=135029084&perks=839105230,106909392,1523832109,4104185692
dimwishlist:item=135029084&perks=839105230,791862061,848860060,1546637391
dimwishlist:item=135029084&perks=839105230,791862061,848860060,3007133316
dimwishlist:item=135029084&perks=839105230,791862061,848860060,3418165135
dimwishlist:item=135029084&perks=839105230,791862061,848860060,4104185692
dimwishlist:item=135029084&perks=839105230,791862061,461595545,1546637391
dimwishlist:item=135029084&perks=839105230,791862061,461595545,3007133316
dimwishlist:item=135029084&perks=839105230,791862061,461595545,3418165135
dimwishlist:item=135029084&perks=839105230,791862061,461595545,4104185692
dimwishlist:item=135029084&perks=839105230,791862061,1354429876,1546637391
dimwishlist:item=135029084&perks=839105230,791862061,1354429876,3007133316
dimwishlist:item=135029084&perks=839105230,791862061,1354429876,3418165135
dimwishlist:item=135029084&perks=839105230,791862061,1354429876,4104185692
dimwishlist:item=135029084&perks=839105230,791862061,1523832109,1546637391
dimwishlist:item=135029084&perks=839105230,791862061,1523832109,3007133316
dimwishlist:item=135029084&perks=839105230,791862061,1523832109,3418165135
dimwishlist:item=135029084&perks=839105230,791862061,1523832109,4104185692
dimwishlist:item=135029084&perks=839105230,1087426260,848860060,1546637391
dimwishlist:item=135029084&perks=839105230,1087426260,848860060,3007133316
dimwishlist:item=135029084&perks=839105230,1087426260,848860060,3418165135
dimwishlist:item=135029084&perks=839105230,1087426260,848860060,4104185692
dimwishlist:item=135029084&perks=839105230,1087426260,461595545,1546637391
dimwishlist:item=135029084&perks=839105230,1087426260,461595545,3007133316
dimwishlist:item=135029084&perks=839105230,1087426260,461595545,3418165135
dimwishlist:item=135029084&perks=839105230,1087426260,461595545,4104185692
dimwishlist:item=135029084&perks=839105230,1087426260,1354429876,1546637391
dimwishlist:item=135029084&perks=839105230,1087426260,1354429876,3007133316
dimwishlist:item=135029084&perks=839105230,1087426260,1354429876,3418165135
dimwishlist:item=135029084&perks=839105230,1087426260,1354429876,4104185692
dimwishlist:item=135029084&perks=839105230,1087426260,1523832109,1546637391
dimwishlist:item=135029084&perks=839105230,1087426260,1523832109,3007133316
dimwishlist:item=135029084&perks=839105230,1087426260,1523832109,3418165135
dimwishlist:item=135029084&perks=839105230,1087426260,1523832109,4104185692
dimwishlist:item=135029084&perks=4090651448,106909392,848860060,1546637391
dimwishlist:item=135029084&perks=4090651448,106909392,848860060,3007133316
dimwishlist:item=135029084&perks=4090651448,106909392,848860060,3418165135
dimwishlist:item=135029084&perks=4090651448,106909392,848860060,4104185692
dimwishlist:item=135029084&perks=4090651448,106909392,461595545,1546637391
dimwishlist:item=135029084&perks=4090651448,106909392,461595545,3007133316
dimwishlist:item=135029084&perks=4090651448,106909392,461595545,3418165135
dimwishlist:item=135029084&perks=4090651448,106909392,461595545,4104185692
dimwishlist:item=135029084&perks=4090651448,106909392,1354429876,1546637391
dimwishlist:item=135029084&perks=4090651448,106909392,1354429876,3007133316
dimwishlist:item=135029084&perks=4090651448,106909392,1354429876,3418165135
dimwishlist:item=135029084&perks=4090651448,106909392,1354429876,4104185692
dimwishlist:item=135029084&perks=4090651448,106909392,1523832109,1546637391
dimwishlist:item=135029084&perks=4090651448,106909392,1523832109,3007133316
dimwishlist:item=135029084&perks=4090651448,106909392,1523832109,3418165135
dimwishlist:item=135029084&perks=4090651448,106909392,1523832109,4104185692
dimwishlist:item=135029084&perks=4090651448,791862061,848860060,1546637391
dimwishlist:item=135029084&perks=4090651448,791862061,848860060,3007133316
dimwishlist:item=135029084&perks=4090651448,791862061,848860060,3418165135
dimwishlist:item=135029084&perks=4090651448,791862061,848860060,4104185692
dimwishlist:item=135029084&perks=4090651448,791862061,461595545,1546637391
dimwishlist:item=135029084&perks=4090651448,791862061,461595545,3007133316
dimwishlist:item=135029084&perks=4090651448,791862061,461595545,3418165135
dimwishlist:item=135029084&perks=4090651448,791862061,461595545,4104185692
dimwishlist:item=135029084&perks=4090651448,791862061,1354429876,1546637391
dimwishlist:item=135029084&perks=4090651448,791862061,1354429876,3007133316
dimwishlist:item=135029084&perks=4090651448,791862061,1354429876,3418165135
dimwishlist:item=135029084&perks=4090651448,791862061,1354429876,4104185692
dimwishlist:item=135029084&perks=4090651448,791862061,1523832109,1546637391
dimwishlist:item=135029084&perks=4090651448,791862061,1523832109,3007133316
dimwishlist:item=135029084&perks=4090651448,791862061,1523832109,3418165135
dimwishlist:item=135029084&perks=4090651448,791862061,1523832109,4104185692
dimwishlist:item=135029084&perks=4090651448,1087426260,848860060,1546637391
dimwishlist:item=135029084&perks=4090651448,1087426260,848860060,3007133316
dimwishlist:item=135029084&perks=4090651448,1087426260,848860060,3418165135
dimwishlist:item=135029084&perks=4090651448,1087426260,848860060,4104185692
dimwishlist:item=135029084&perks=4090651448,1087426260,461595545,1546637391
dimwishlist:item=135029084&perks=4090651448,1087426260,461595545,3007133316
dimwishlist:item=135029084&perks=4090651448,1087426260,461595545,3418165135
dimwishlist:item=135029084&perks=4090651448,1087426260,461595545,4104185692
dimwishlist:item=135029084&perks=4090651448,1087426260,1354429876,1546637391
dimwishlist:item=135029084&perks=4090651448,1087426260,1354429876,3007133316
dimwishlist:item=135029084&perks=4090651448,1087426260,1354429876,3418165135
dimwishlist:item=135029084&perks=4090651448,1087426260,1354429876,4104185692
dimwishlist:item=135029084&perks=4090651448,1087426260,1523832109,1546637391
dimwishlist:item=135029084&perks=4090651448,1087426260,1523832109,3007133316
dimwishlist:item=135029084&perks=4090651448,1087426260,1523832109,3418165135
dimwishlist:item=135029084&perks=4090651448,1087426260,1523832109,4104185692


// Nessa's Oblation - Nessa's Oblation (mnk,pve)
//notes: tags:mnk,pve
dimwishlist:item=135029084&perks=1840239774,106909392,776531651,1926441324
dimwishlist:item=135029084&perks=1840239774,106909392,776531651,2048641572
dimwishlist:item=135029084&perks=1840239774,106909392,2541826827,1926441324
dimwishlist:item=135029084&perks=1840239774,106909392,2541826827,2048641572
dimwishlist:item=135029084&perks=1840239774,791862061,776531651,1926441324
dimwishlist:item=135029084&perks=1840239774,791862061,776531651,2048641572
dimwishlist:item=135029084&perks=1840239774,791862061,2541826827,1926441324
dimwishlist:item=135029084&perks=1840239774,791862061,2541826827,2048641572
dimwishlist:item=135029084&perks=1840239774,1087426260,776531651,1926441324
dimwishlist:item=135029084&perks=1840239774,1087426260,776531651,2048641572
dimwishlist:item=135029084&perks=1840239774,1087426260,2541826827,1926441324
dimwishlist:item=135029084&perks=1840239774,1087426260,2541826827,2048641572
dimwishlist:item=135029084&perks=839105230,106909392,776531651,1926441324
dimwishlist:item=135029084&perks=839105230,106909392,776531651,2048641572
dimwishlist:item=135029084&perks=839105230,106909392,2541826827,1926441324
dimwishlist:item=135029084&perks=839105230,106909392,2541826827,2048641572
dimwishlist:item=135029084&perks=839105230,791862061,776531651,1926441324
dimwishlist:item=135029084&perks=839105230,791862061,776531651,2048641572
dimwishlist:item=135029084&perks=839105230,791862061,2541826827,1926441324
dimwishlist:item=135029084&perks=839105230,791862061,2541826827,2048641572
dimwishlist:item=135029084&perks=839105230,1087426260,776531651,1926441324
dimwishlist:item=135029084&perks=839105230,1087426260,776531651,2048641572
dimwishlist:item=135029084&perks=839105230,1087426260,2541826827,1926441324
dimwishlist:item=135029084&perks=839105230,1087426260,2541826827,2048641572
dimwishlist:item=135029084&perks=4090651448,106909392,776531651,1926441324
dimwishlist:item=135029084&perks=4090651448,106909392,776531651,2048641572
dimwishlist:item=135029084&perks=4090651448,106909392,2541826827,1926441324
dimwishlist:item=135029084&perks=4090651448,106909392,2541826827,2048641572
dimwishlist:item=135029084&perks=4090651448,791862061,776531651,1926441324
dimwishlist:item=135029084&perks=4090651448,791862061,776531651,2048641572
dimwishlist:item=135029084&perks=4090651448,791862061,2541826827,1926441324
dimwishlist:item=135029084&perks=4090651448,791862061,2541826827,2048641572
dimwishlist:item=135029084&perks=4090651448,1087426260,776531651,1926441324
dimwishlist:item=135029084&perks=4090651448,1087426260,776531651,2048641572
dimwishlist:item=135029084&perks=4090651448,1087426260,2541826827,1926441324
dimwishlist:item=135029084&perks=4090651448,1087426260,2541826827,2048641572


// Mykel's Reverence - Mykel's Reverence (mnk,pve)
//notes: tags:mnk,pve
dimwishlist:item=231031173&perks=1840239774,1561002382,3418782618,1161469972
dimwishlist:item=231031173&perks=1840239774,1561002382,3418782618,4082225868
dimwishlist:item=231031173&perks=1840239774,1561002382,3418782618,3007133316
dimwishlist:item=231031173&perks=1840239774,1561002382,3418782618,4104185692
dimwishlist:item=231031173&perks=1840239774,1561002382,1563455254,1161469972
dimwishlist:item=231031173&perks=1840239774,1561002382,1563455254,4082225868
dimwishlist:item=231031173&perks=1840239774,1561002382,1563455254,3007133316
dimwishlist:item=231031173&perks=1840239774,1561002382,1563455254,4104185692
dimwishlist:item=231031173&perks=1840239774,1561002382,2014892510,1161469972
dimwishlist:item=231031173&perks=1840239774,1561002382,2014892510,4082225868
dimwishlist:item=231031173&perks=1840239774,1561002382,2014892510,3007133316
dimwishlist:item=231031173&perks=1840239774,1561002382,2014892510,4104185692
dimwishlist:item=231031173&perks=1840239774,1561002382,1428297954,1161469972
dimwishlist:item=231031173&perks=1840239774,1561002382,1428297954,4082225868
dimwishlist:item=231031173&perks=1840239774,1561002382,1428297954,3007133316
dimwishlist:item=231031173&perks=1840239774,1561002382,1428297954,4104185692
dimwishlist:item=231031173&perks=1840239774,1968497646,3418782618,1161469972
dimwishlist:item=231031173&perks=1840239774,1968497646,3418782618,4082225868
dimwishlist:item=231031173&perks=1840239774,1968497646,3418782618,3007133316
dimwishlist:item=231031173&perks=1840239774,1968497646,3418782618,4104185692
dimwishlist:item=231031173&perks=1840239774,1968497646,1563455254,1161469972
dimwishlist:item=231031173&perks=1840239774,1968497646,1563455254,4082225868
dimwishlist:item=231031173&perks=1840239774,1968497646,1563455254,3007133316
dimwishlist:item=231031173&perks=1840239774,1968497646,1563455254,4104185692
dimwishlist:item=231031173&perks=1840239774,1968497646,2014892510,1161469972
dimwishlist:item=231031173&perks=1840239774,1968497646,2014892510,4082225868
dimwishlist:item=231031173&perks=1840239774,1968497646,2014892510,3007133316
dimwishlist:item=231031173&perks=1840239774,1968497646,2014892510,4104185692
dimwishlist:item=231031173&perks=1840239774,1968497646,1428297954,1161469972
dimwishlist:item=231031173&perks=1840239774,1968497646,1428297954,4082225868
dimwishlist:item=231031173&perks=1840239774,1968497646,1428297954,3007133316
dimwishlist:item=231031173&perks=1840239774,1968497646,1428297954,4104185692


// Rufus's Fury - Rufus's Fury (pve,mnk)
//notes: tags:pve,mnk
dimwishlist:item=484515708&perks=839105230,1087426260,3418782618,365154968
dimwishlist:item=484515708&perks=839105230,1087426260,3418782618,4104185692
dimwishlist:item=484515708&perks=839105230,1087426260,3418782618,2939589096
dimwishlist:item=484515708&perks=839105230,1087426260,3418782618,3007133316
dimwishlist:item=484515708&perks=839105230,1087426260,1563455254,365154968
dimwishlist:item=484515708&perks=839105230,1087426260,1563455254,4104185692
dimwishlist:item=484515708&perks=839105230,1087426260,1563455254,2939589096
dimwishlist:item=484515708&perks=839105230,1087426260,1563455254,3007133316
dimwishlist:item=484515708&perks=839105230,1968497646,3418782618,365154968
dimwishlist:item=484515708&perks=839105230,1968497646,3418782618,4104185692
dimwishlist:item=484515708&perks=839105230,1968497646,3418782618,2939589096
dimwishlist:item=484515708&perks=839105230,1968497646,3418782618,3007133316
dimwishlist:item=484515708&perks=839105230,1968497646,1563455254,365154968
dimwishlist:item=484515708&perks=839105230,1968497646,1563455254,4104185692
dimwishlist:item=484515708&perks=839105230,1968497646,1563455254,2939589096
dimwishlist:item=484515708&perks=839105230,1968497646,1563455254,3007133316
dimwishlist:item=484515708&perks=839105230,2420895100,3418782618,365154968
dimwishlist:item=484515708&perks=839105230,2420895100,3418782618,4104185692
dimwishlist:item=484515708&perks=839105230,2420895100,3418782618,2939589096
dimwishlist:item=484515708&perks=839105230,2420895100,3418782618,3007133316
dimwishlist:item=484515708&perks=839105230,2420895100,1563455254,365154968
dimwishlist:item=484515708&perks=839105230,2420895100,1563455254,4104185692
dimwishlist:item=484515708&perks=839105230,2420895100,1563455254,2939589096
dimwishlist:item=484515708&perks=839105230,2420895100,1563455254,3007133316
dimwishlist:item=484515708&perks=1840239774,1087426260,3418782618,365154968
dimwishlist:item=484515708&perks=1840239774,1087426260,3418782618,4104185692
dimwishlist:item=484515708&perks=1840239774,1087426260,3418782618,2939589096
dimwishlist:item=484515708&perks=1840239774,1087426260,3418782618,3007133316
dimwishlist:item=484515708&perks=1840239774,1087426260,1563455254,365154968
dimwishlist:item=484515708&perks=1840239774,1087426260,1563455254,4104185692
dimwishlist:item=484515708&perks=1840239774,1087426260,1563455254,2939589096
dimwishlist:item=484515708&perks=1840239774,1087426260,1563455254,3007133316
dimwishlist:item=484515708&perks=1840239774,1968497646,3418782618,365154968
dimwishlist:item=484515708&perks=1840239774,1968497646,3418782618,4104185692
dimwishlist:item=484515708&perks=1840239774,1968497646,3418782618,2939589096
dimwishlist:item=484515708&perks=1840239774,1968497646,3418782618,3007133316
dimwishlist:item=484515708&perks=1840239774,1968497646,1563455254,365154968
dimwishlist:item=484515708&perks=1840239774,1968497646,1563455254,4104185692
dimwishlist:item=484515708&perks=1840239774,1968497646,1563455254,2939589096
dimwishlist:item=484515708&perks=1840239774,1968497646,1563455254,3007133316
dimwishlist:item=484515708&perks=1840239774,2420895100,3418782618,365154968
dimwishlist:item=484515708&perks=1840239774,2420895100,3418782618,4104185692
dimwishlist:item=484515708&perks=1840239774,2420895100,3418782618,2939589096
dimwishlist:item=484515708&perks=1840239774,2420895100,3418782618,3007133316
dimwishlist:item=484515708&perks=1840239774,2420895100,1563455254,365154968
dimwishlist:item=484515708&perks=1840239774,2420895100,1563455254,4104185692
dimwishlist:item=484515708&perks=1840239774,2420895100,1563455254,2939589096
dimwishlist:item=484515708&perks=1840239774,2420895100,1563455254,3007133316


// Acasia's Dejection - Acasia's Dejection (pve,mnk)
//notes: tags:pve,mnk
dimwishlist:item=1471212226&perks=1840239774,732557052,461595545,3418165135
dimwishlist:item=1471212226&perks=1840239774,732557052,461595545,2675184851
dimwishlist:item=1471212226&perks=1840239774,732557052,461595545,2939589096
dimwishlist:item=1471212226&perks=1840239774,732557052,461595545,1546637391
dimwishlist:item=1471212226&perks=1840239774,732557052,461595545,4293542123
dimwishlist:item=1471212226&perks=1840239774,732557052,461595545,365154968
dimwishlist:item=1471212226&perks=1840239774,732557052,1563455254,3418165135
dimwishlist:item=1471212226&perks=1840239774,732557052,1563455254,2675184851
dimwishlist:item=1471212226&perks=1840239774,732557052,1563455254,2939589096
dimwishlist:item=1471212226&perks=1840239774,732557052,1563455254,1546637391
dimwishlist:item=1471212226&perks=1840239774,732557052,1563455254,4293542123
dimwishlist:item=1471212226&perks=1840239774,732557052,1563455254,365154968
dimwishlist:item=1471212226&perks=1840239774,732557052,1523832109,3418165135
dimwishlist:item=1471212226&perks=1840239774,732557052,1523832109,2675184851
dimwishlist:item=1471212226&perks=1840239774,732557052,1523832109,2939589096
dimwishlist:item=1471212226&perks=1840239774,732557052,1523832109,1546637391
dimwishlist:item=1471212226&perks=1840239774,732557052,1523832109,4293542123
dimwishlist:item=1471212226&perks=1840239774,732557052,1523832109,365154968
dimwishlist:item=1471212226&perks=1840239774,732557052,3418782618,3418165135
dimwishlist:item=1471212226&perks=1840239774,732557052,3418782618,2675184851
dimwishlist:item=1471212226&perks=1840239774,732557052,3418782618,2939589096
dimwishlist:item=1471212226&perks=1840239774,732557052,3418782618,1546637391
dimwishlist:item=1471212226&perks=1840239774,732557052,3418782618,4293542123
dimwishlist:item=1471212226&perks=1840239774,732557052,3418782618,365154968
dimwishlist:item=1471212226&perks=1840239774,2680121939,461595545,3418165135
dimwishlist:item=1471212226&perks=1840239774,2680121939,461595545,2675184851
dimwishlist:item=1471212226&perks=1840239774,2680121939,461595545,2939589096
dimwishlist:item=1471212226&perks=1840239774,2680121939,461595545,1546637391
dimwishlist:item=1471212226&perks=1840239774,2680121939,461595545,4293542123
dimwishlist:item=1471212226&perks=1840239774,2680121939,461595545,365154968
dimwishlist:item=1471212226&perks=1840239774,2680121939,1563455254,3418165135
dimwishlist:item=1471212226&perks=1840239774,2680121939,1563455254,2675184851
dimwishlist:item=1471212226&perks=1840239774,2680121939,1563455254,2939589096
dimwishlist:item=1471212226&perks=1840239774,2680121939,1563455254,1546637391
dimwishlist:item=1471212226&perks=1840239774,2680121939,1563455254,4293542123
dimwishlist:item=1471212226&perks=1840239774,2680121939,1563455254,365154968
dimwishlist:item=1471212226&perks=1840239774,2680121939,1523832109,3418165135
dimwishlist:item=1471212226&perks=1840239774,2680121939,1523832109,2675184851
dimwishlist:item=1471212226&perks=1840239774,2680121939,1523832109,2939589096
dimwishlist:item=1471212226&perks=1840239774,2680121939,1523832109,1546637391
dimwishlist:item=1471212226&perks=1840239774,2680121939,1523832109,4293542123
dimwishlist:item=1471212226&perks=1840239774,2680121939,1523832109,365154968
dimwishlist:item=1471212226&perks=1840239774,2680121939,3418782618,3418165135
dimwishlist:item=1471212226&perks=1840239774,2680121939,3418782618,2675184851
dimwishlist:item=1471212226&perks=1840239774,2680121939,3418782618,2939589096
dimwishlist:item=1471212226&perks=1840239774,2680121939,3418782618,1546637391
dimwishlist:item=1471212226&perks=1840239774,2680121939,3418782618,4293542123
dimwishlist:item=1471212226&perks=1840239774,2680121939,3418782618,365154968
dimwishlist:item=1471212226&perks=1840239774,1483536627,461595545,3418165135
dimwishlist:item=1471212226&perks=1840239774,1483536627,461595545,2675184851
dimwishlist:item=1471212226&perks=1840239774,1483536627,461595545,2939589096
dimwishlist:item=1471212226&perks=1840239774,1483536627,461595545,1546637391
dimwishlist:item=1471212226&perks=1840239774,1483536627,461595545,4293542123
dimwishlist:item=1471212226&perks=1840239774,1483536627,461595545,365154968
dimwishlist:item=1471212226&perks=1840239774,1483536627,1563455254,3418165135
dimwishlist:item=1471212226&perks=1840239774,1483536627,1563455254,2675184851
dimwishlist:item=1471212226&perks=1840239774,1483536627,1563455254,2939589096
dimwishlist:item=1471212226&perks=1840239774,1483536627,1563455254,1546637391
dimwishlist:item=1471212226&perks=1840239774,1483536627,1563455254,4293542123
dimwishlist:item=1471212226&perks=1840239774,1483536627,1563455254,365154968
dimwishlist:item=1471212226&perks=1840239774,1483536627,1523832109,3418165135
dimwishlist:item=1471212226&perks=1840239774,1483536627,1523832109,2675184851
dimwishlist:item=1471212226&perks=1840239774,1483536627,1523832109,2939589096
dimwishlist:item=1471212226&perks=1840239774,1483536627,1523832109,1546637391
dimwishlist:item=1471212226&perks=1840239774,1483536627,1523832109,4293542123
dimwishlist:item=1471212226&perks=1840239774,1483536627,1523832109,365154968
dimwishlist:item=1471212226&perks=1840239774,1483536627,3418782618,3418165135
dimwishlist:item=1471212226&perks=1840239774,1483536627,3418782618,2675184851
dimwishlist:item=1471212226&perks=1840239774,1483536627,3418782618,2939589096
dimwishlist:item=1471212226&perks=1840239774,1483536627,3418782618,1546637391
dimwishlist:item=1471212226&perks=1840239774,1483536627,3418782618,4293542123
dimwishlist:item=1471212226&perks=1840239774,1483536627,3418782618,365154968
dimwishlist:item=1471212226&perks=1482024992,732557052,461595545,3418165135
dimwishlist:item=1471212226&perks=1482024992,732557052,461595545,2675184851
dimwishlist:item=1471212226&perks=1482024992,732557052,461595545,2939589096
dimwishlist:item=1471212226&perks=1482024992,732557052,461595545,1546637391
dimwishlist:item=1471212226&perks=1482024992,732557052,461595545,4293542123
dimwishlist:item=1471212226&perks=1482024992,732557052,461595545,365154968
dimwishlist:item=1471212226&perks=1482024992,732557052,1563455254,3418165135
dimwishlist:item=1471212226&perks=1482024992,732557052,1563455254,2675184851
dimwishlist:item=1471212226&perks=1482024992,732557052,1563455254,2939589096
dimwishlist:item=1471212226&perks=1482024992,732557052,1563455254,1546637391
dimwishlist:item=1471212226&perks=1482024992,732557052,1563455254,4293542123
dimwishlist:item=1471212226&perks=1482024992,732557052,1563455254,365154968
dimwishlist:item=1471212226&perks=1482024992,732557052,1523832109,3418165135
dimwishlist:item=1471212226&perks=1482024992,732557052,1523832109,2675184851
dimwishlist:item=1471212226&perks=1482024992,732557052,1523832109,2939589096
dimwishlist:item=1471212226&perks=1482024992,732557052,1523832109,1546637391
dimwishlist:item=1471212226&perks=1482024992,732557052,1523832109,4293542123
dimwishlist:item=1471212226&perks=1482024992,732557052,1523832109,365154968
dimwishlist:item=1471212226&perks=1482024992,732557052,3418782618,3418165135
dimwishlist:item=1471212226&perks=1482024992,732557052,3418782618,2675184851
dimwishlist:item=1471212226&perks=1482024992,732557052,3418782618,2939589096
dimwishlist:item=1471212226&perks=1482024992,732557052,3418782618,1546637391
dimwishlist:item=1471212226&perks=1482024992,732557052,3418782618,4293542123
dimwishlist:item=1471212226&perks=1482024992,732557052,3418782618,365154968
dimwishlist:item=1471212226&perks=1482024992,2680121939,461595545,3418165135
dimwishlist:item=1471212226&perks=1482024992,2680121939,461595545,2675184851
dimwishlist:item=1471212226&perks=1482024992,2680121939,461595545,2939589096
dimwishlist:item=1471212226&perks=1482024992,2680121939,461595545,1546637391
dimwishlist:item=1471212226&perks=1482024992,2680121939,461595545,4293542123
dimwishlist:item=1471212226&perks=1482024992,2680121939,461595545,365154968
dimwishlist:item=1471212226&perks=1482024992,2680121939,1563455254,3418165135
dimwishlist:item=1471212226&perks=1482024992,2680121939,1563455254,2675184851
dimwishlist:item=1471212226&perks=1482024992,2680121939,1563455254,2939589096
dimwishlist:item=1471212226&perks=1482024992,2680121939,1563455254,1546637391
dimwishlist:item=1471212226&perks=1482024992,2680121939,1563455254,4293542123
dimwishlist:item=1471212226&perks=1482024992,2680121939,1563455254,365154968
dimwishlist:item=1471212226&perks=1482024992,2680121939,1523832109,3418165135
dimwishlist:item=1471212226&perks=1482024992,2680121939,1523832109,2675184851
dimwishlist:item=1471212226&perks=1482024992,2680121939,1523832109,2939589096
dimwishlist:item=1471212226&perks=1482024992,2680121939,1523832109,1546637391
dimwishlist:item=1471212226&perks=1482024992,2680121939,1523832109,4293542123
dimwishlist:item=1471212226&perks=1482024992,2680121939,1523832109,365154968
dimwishlist:item=1471212226&perks=1482024992,2680121939,3418782618,3418165135
dimwishlist:item=1471212226&perks=1482024992,2680121939,3418782618,2675184851
dimwishlist:item=1471212226&perks=1482024992,2680121939,3418782618,2939589096
dimwishlist:item=1471212226&perks=1482024992,2680121939,3418782618,1546637391
dimwishlist:item=1471212226&perks=1482024992,2680121939,3418782618,4293542123
dimwishlist:item=1471212226&perks=1482024992,2680121939,3418782618,365154968
dimwishlist:item=1471212226&perks=1482024992,1483536627,461595545,3418165135
dimwishlist:item=1471212226&perks=1482024992,1483536627,461595545,2675184851
dimwishlist:item=1471212226&perks=1482024992,1483536627,461595545,2939589096
dimwishlist:item=1471212226&perks=1482024992,1483536627,461595545,1546637391
dimwishlist:item=1471212226&perks=1482024992,1483536627,461595545,4293542123
dimwishlist:item=1471212226&perks=1482024992,1483536627,461595545,365154968
dimwishlist:item=1471212226&perks=1482024992,1483536627,1563455254,3418165135
dimwishlist:item=1471212226&perks=1482024992,1483536627,1563455254,2675184851
dimwishlist:item=1471212226&perks=1482024992,1483536627,1563455254,2939589096
dimwishlist:item=1471212226&perks=1482024992,1483536627,1563455254,1546637391
dimwishlist:item=1471212226&perks=1482024992,1483536627,1563455254,4293542123
dimwishlist:item=1471212226&perks=1482024992,1483536627,1563455254,365154968
dimwishlist:item=1471212226&perks=1482024992,1483536627,1523832109,3418165135
dimwishlist:item=1471212226&perks=1482024992,1483536627,1523832109,2675184851
dimwishlist:item=1471212226&perks=1482024992,1483536627,1523832109,2939589096
dimwishlist:item=1471212226&perks=1482024992,1483536627,1523832109,1546637391
dimwishlist:item=1471212226&perks=1482024992,1483536627,1523832109,4293542123
dimwishlist:item=1471212226&perks=1482024992,1483536627,1523832109,365154968
dimwishlist:item=1471212226&perks=1482024992,1483536627,3418782618,3418165135
dimwishlist:item=1471212226&perks=1482024992,1483536627,3418782618,2675184851
dimwishlist:item=1471212226&perks=1482024992,1483536627,3418782618,2939589096
dimwishlist:item=1471212226&perks=1482024992,1483536627,3418782618,1546637391
dimwishlist:item=1471212226&perks=1482024992,1483536627,3418782618,4293542123
dimwishlist:item=1471212226&perks=1482024992,1483536627,3418782618,365154968
dimwishlist:item=1471212226&perks=4090651448,732557052,461595545,3418165135
dimwishlist:item=1471212226&perks=4090651448,732557052,461595545,2675184851
dimwishlist:item=1471212226&perks=4090651448,732557052,461595545,2939589096
dimwishlist:item=1471212226&perks=4090651448,732557052,461595545,1546637391
dimwishlist:item=1471212226&perks=4090651448,732557052,461595545,4293542123
dimwishlist:item=1471212226&perks=4090651448,732557052,461595545,365154968
dimwishlist:item=1471212226&perks=4090651448,732557052,1563455254,3418165135
dimwishlist:item=1471212226&perks=4090651448,732557052,1563455254,2675184851
dimwishlist:item=1471212226&perks=4090651448,732557052,1563455254,2939589096
dimwishlist:item=1471212226&perks=4090651448,732557052,1563455254,1546637391
dimwishlist:item=1471212226&perks=4090651448,732557052,1563455254,4293542123
dimwishlist:item=1471212226&perks=4090651448,732557052,1563455254,365154968
dimwishlist:item=1471212226&perks=4090651448,732557052,1523832109,3418165135
dimwishlist:item=1471212226&perks=4090651448,732557052,1523832109,2675184851
dimwishlist:item=1471212226&perks=4090651448,732557052,1523832109,2939589096
dimwishlist:item=1471212226&perks=4090651448,732557052,1523832109,1546637391
dimwishlist:item=1471212226&perks=4090651448,732557052,1523832109,4293542123
dimwishlist:item=1471212226&perks=4090651448,732557052,1523832109,365154968
dimwishlist:item=1471212226&perks=4090651448,732557052,3418782618,3418165135
dimwishlist:item=1471212226&perks=4090651448,732557052,3418782618,2675184851
dimwishlist:item=1471212226&perks=4090651448,732557052,3418782618,2939589096
dimwishlist:item=1471212226&perks=4090651448,732557052,3418782618,1546637391
dimwishlist:item=1471212226&perks=4090651448,732557052,3418782618,4293542123
dimwishlist:item=1471212226&perks=4090651448,732557052,3418782618,365154968
dimwishlist:item=1471212226&perks=4090651448,2680121939,461595545,3418165135
dimwishlist:item=1471212226&perks=4090651448,2680121939,461595545,2675184851
dimwishlist:item=1471212226&perks=4090651448,2680121939,461595545,2939589096
dimwishlist:item=1471212226&perks=4090651448,2680121939,461595545,1546637391
dimwishlist:item=1471212226&perks=4090651448,2680121939,461595545,4293542123
dimwishlist:item=1471212226&perks=4090651448,2680121939,461595545,365154968
dimwishlist:item=1471212226&perks=4090651448,2680121939,1563455254,3418165135
dimwishlist:item=1471212226&perks=4090651448,2680121939,1563455254,2675184851
dimwishlist:item=1471212226&perks=4090651448,2680121939,1563455254,2939589096
dimwishlist:item=1471212226&perks=4090651448,2680121939,1563455254,1546637391
dimwishlist:item=1471212226&perks=4090651448,2680121939,1563455254,4293542123
dimwishlist:item=1471212226&perks=4090651448,2680121939,1563455254,365154968
dimwishlist:item=1471212226&perks=4090651448,2680121939,1523832109,3418165135
dimwishlist:item=1471212226&perks=4090651448,2680121939,1523832109,2675184851
dimwishlist:item=1471212226&perks=4090651448,2680121939,1523832109,2939589096
dimwishlist:item=1471212226&perks=4090651448,2680121939,1523832109,1546637391
dimwishlist:item=1471212226&perks=4090651448,2680121939,1523832109,4293542123
dimwishlist:item=1471212226&perks=4090651448,2680121939,1523832109,365154968
dimwishlist:item=1471212226&perks=4090651448,2680121939,3418782618,3418165135
dimwishlist:item=1471212226&perks=4090651448,2680121939,3418782618,2675184851
dimwishlist:item=1471212226&perks=4090651448,2680121939,3418782618,2939589096
dimwishlist:item=1471212226&perks=4090651448,2680121939,3418782618,1546637391
dimwishlist:item=1471212226&perks=4090651448,2680121939,3418782618,4293542123
dimwishlist:item=1471212226&perks=4090651448,2680121939,3418782618,365154968
dimwishlist:item=1471212226&perks=4090651448,1483536627,461595545,3418165135
dimwishlist:item=1471212226&perks=4090651448,1483536627,461595545,2675184851
dimwishlist:item=1471212226&perks=4090651448,1483536627,461595545,2939589096
dimwishlist:item=1471212226&perks=4090651448,1483536627,461595545,1546637391
dimwishlist:item=1471212226&perks=4090651448,1483536627,461595545,4293542123
dimwishlist:item=1471212226&perks=4090651448,1483536627,461595545,365154968
dimwishlist:item=1471212226&perks=4090651448,1483536627,1563455254,3418165135
dimwishlist:item=1471212226&perks=4090651448,1483536627,1563455254,2675184851
dimwishlist:item=1471212226&perks=4090651448,1483536627,1563455254,2939589096
dimwishlist:item=1471212226&perks=4090651448,1483536627,1563455254,1546637391
dimwishlist:item=1471212226&perks=4090651448,1483536627,1563455254,4293542123
dimwishlist:item=1471212226&perks=4090651448,1483536627,1563455254,365154968
dimwishlist:item=1471212226&perks=4090651448,1483536627,1523832109,3418165135
dimwishlist:item=1471212226&perks=4090651448,1483536627,1523832109,2675184851
dimwishlist:item=1471212226&perks=4090651448,1483536627,1523832109,2939589096
dimwishlist:item=1471212226&perks=4090651448,1483536627,1523832109,1546637391
dimwishlist:item=1471212226&perks=4090651448,1483536627,1523832109,4293542123
dimwishlist:item=1471212226&perks=4090651448,1483536627,1523832109,365154968
dimwishlist:item=1471212226&perks=4090651448,1483536627,3418782618,3418165135
dimwishlist:item=1471212226&perks=4090651448,1483536627,3418782618,2675184851
dimwishlist:item=1471212226&perks=4090651448,1483536627,3418782618,2939589096
dimwishlist:item=1471212226&perks=4090651448,1483536627,3418782618,1546637391
dimwishlist:item=1471212226&perks=4090651448,1483536627,3418782618,4293542123
dimwishlist:item=1471212226&perks=4090651448,1483536627,3418782618,365154968


// Briar's Contempt - Briar's Contempt (mnk,pve)
//notes: tags:mnk,pve
dimwishlist:item=1491665733&perks=839105230,1687452232,461595545,2402480669
dimwishlist:item=1491665733&perks=839105230,1687452232,461595545,3007133316
dimwishlist:item=1491665733&perks=839105230,1687452232,461595545,4104185692
dimwishlist:item=1491665733&perks=839105230,1687452232,461595545,2896038713
dimwishlist:item=1491665733&perks=839105230,1687452232,1523832109,2402480669
dimwishlist:item=1491665733&perks=839105230,1687452232,1523832109,3007133316
dimwishlist:item=1491665733&perks=839105230,1687452232,1523832109,4104185692
dimwishlist:item=1491665733&perks=839105230,1687452232,1523832109,2896038713
dimwishlist:item=1491665733&perks=839105230,1687452232,3418782618,2402480669
dimwishlist:item=1491665733&perks=839105230,1687452232,3418782618,3007133316
dimwishlist:item=1491665733&perks=839105230,1687452232,3418782618,4104185692
dimwishlist:item=1491665733&perks=839105230,1687452232,3418782618,2896038713
dimwishlist:item=1491665733&perks=839105230,1687452232,1563455254,2402480669
dimwishlist:item=1491665733&perks=839105230,1687452232,1563455254,3007133316
dimwishlist:item=1491665733&perks=839105230,1687452232,1563455254,4104185692
dimwishlist:item=1491665733&perks=839105230,1687452232,1563455254,2896038713
dimwishlist:item=1491665733&perks=839105230,2680121939,461595545,2402480669
dimwishlist:item=1491665733&perks=839105230,2680121939,461595545,3007133316
dimwishlist:item=1491665733&perks=839105230,2680121939,461595545,4104185692
dimwishlist:item=1491665733&perks=839105230,2680121939,461595545,2896038713
dimwishlist:item=1491665733&perks=839105230,2680121939,1523832109,2402480669
dimwishlist:item=1491665733&perks=839105230,2680121939,1523832109,3007133316
dimwishlist:item=1491665733&perks=839105230,2680121939,1523832109,4104185692
dimwishlist:item=1491665733&perks=839105230,2680121939,1523832109,2896038713
dimwishlist:item=1491665733&perks=839105230,2680121939,3418782618,2402480669
dimwishlist:item=1491665733&perks=839105230,2680121939,3418782618,3007133316
dimwishlist:item=1491665733&perks=839105230,2680121939,3418782618,4104185692
dimwishlist:item=1491665733&perks=839105230,2680121939,3418782618,2896038713
dimwishlist:item=1491665733&perks=839105230,2680121939,1563455254,2402480669
dimwishlist:item=1491665733&perks=839105230,2680121939,1563455254,3007133316
dimwishlist:item=1491665733&perks=839105230,2680121939,1563455254,4104185692
dimwishlist:item=1491665733&perks=839105230,2680121939,1563455254,2896038713
dimwishlist:item=1491665733&perks=839105230,1483536627,461595545,2402480669
dimwishlist:item=1491665733&perks=839105230,1483536627,461595545,3007133316
dimwishlist:item=1491665733&perks=839105230,1483536627,461595545,4104185692
dimwishlist:item=1491665733&perks=839105230,1483536627,461595545,2896038713
dimwishlist:item=1491665733&perks=839105230,1483536627,1523832109,2402480669
dimwishlist:item=1491665733&perks=839105230,1483536627,1523832109,3007133316
dimwishlist:item=1491665733&perks=839105230,1483536627,1523832109,4104185692
dimwishlist:item=1491665733&perks=839105230,1483536627,1523832109,2896038713
dimwishlist:item=1491665733&perks=839105230,1483536627,3418782618,2402480669
dimwishlist:item=1491665733&perks=839105230,1483536627,3418782618,3007133316
dimwishlist:item=1491665733&perks=839105230,1483536627,3418782618,4104185692
dimwishlist:item=1491665733&perks=839105230,1483536627,3418782618,2896038713
dimwishlist:item=1491665733&perks=839105230,1483536627,1563455254,2402480669
dimwishlist:item=1491665733&perks=839105230,1483536627,1563455254,3007133316
dimwishlist:item=1491665733&perks=839105230,1483536627,1563455254,4104185692
dimwishlist:item=1491665733&perks=839105230,1483536627,1563455254,2896038713


// Koraxis's Distress - Koraxis's Distress (pve,mnk)
//notes: tags:pve,mnk
dimwishlist:item=2972949637&perks=3525010810,3301904089,461595545,3007133316
dimwishlist:item=2972949637&perks=3525010810,3301904089,461595545,4104185692
dimwishlist:item=2972949637&perks=3525010810,3301904089,461595545,102912326
dimwishlist:item=2972949637&perks=3525010810,3301904089,461595545,831391274
dimwishlist:item=2972949637&perks=3525010810,3301904089,1906147653,3007133316
dimwishlist:item=2972949637&perks=3525010810,3301904089,1906147653,4104185692
dimwishlist:item=2972949637&perks=3525010810,3301904089,1906147653,102912326
dimwishlist:item=2972949637&perks=3525010810,3301904089,1906147653,831391274
dimwishlist:item=2972949637&perks=3525010810,3301904089,2308090567,3007133316
dimwishlist:item=2972949637&perks=3525010810,3301904089,2308090567,4104185692
dimwishlist:item=2972949637&perks=3525010810,3301904089,2308090567,102912326
dimwishlist:item=2972949637&perks=3525010810,3301904089,2308090567,831391274
dimwishlist:item=2972949637&perks=3525010810,3301904089,1523832109,3007133316
dimwishlist:item=2972949637&perks=3525010810,3301904089,1523832109,4104185692
dimwishlist:item=2972949637&perks=3525010810,3301904089,1523832109,102912326
dimwishlist:item=2972949637&perks=3525010810,3301904089,1523832109,831391274
dimwishlist:item=2972949637&perks=3525010810,3301904089,3523296417,3007133316
dimwishlist:item=2972949637&perks=3525010810,3301904089,3523296417,4104185692
dimwishlist:item=2972949637&perks=3525010810,3301904089,3523296417,102912326
dimwishlist:item=2972949637&perks=3525010810,3301904089,3523296417,831391274
dimwishlist:item=2972949637&perks=3525010810,3301904089,2869569095,3007133316
dimwishlist:item=2972949637&perks=3525010810,3301904089,2869569095,4104185692
dimwishlist:item=2972949637&perks=3525010810,3301904089,2869569095,102912326
dimwishlist:item=2972949637&perks=3525010810,3301904089,2869569095,831391274
dimwishlist:item=2972949637&perks=3525010810,3301904089,968510818,3007133316
dimwishlist:item=2972949637&perks=3525010810,3301904089,968510818,4104185692
dimwishlist:item=2972949637&perks=3525010810,3301904089,968510818,102912326
dimwishlist:item=2972949637&perks=3525010810,3301904089,968510818,831391274
dimwishlist:item=2972949637&perks=3525010810,3301904089,424370782,3007133316
dimwishlist:item=2972949637&perks=3525010810,3301904089,424370782,4104185692
dimwishlist:item=2972949637&perks=3525010810,3301904089,424370782,102912326
dimwishlist:item=2972949637&perks=3525010810,3301904089,424370782,831391274
dimwishlist:item=2972949637&perks=3525010810,2985827016,461595545,3007133316
dimwishlist:item=2972949637&perks=3525010810,2985827016,461595545,4104185692
dimwishlist:item=2972949637&perks=3525010810,2985827016,461595545,102912326
dimwishlist:item=2972949637&perks=3525010810,2985827016,461595545,831391274
dimwishlist:item=2972949637&perks=3525010810,2985827016,1906147653,3007133316
dimwishlist:item=2972949637&perks=3525010810,2985827016,1906147653,4104185692
dimwishlist:item=2972949637&perks=3525010810,2985827016,1906147653,102912326
dimwishlist:item=2972949637&perks=3525010810,2985827016,1906147653,831391274
dimwishlist:item=2972949637&perks=3525010810,2985827016,2308090567,3007133316
dimwishlist:item=2972949637&perks=3525010810,2985827016,2308090567,4104185692
dimwishlist:item=2972949637&perks=3525010810,2985827016,2308090567,102912326
dimwishlist:item=2972949637&perks=3525010810,2985827016,2308090567,831391274
dimwishlist:item=2972949637&perks=3525010810,2985827016,1523832109,3007133316
dimwishlist:item=2972949637&perks=3525010810,2985827016,1523832109,4104185692
dimwishlist:item=2972949637&perks=3525010810,2985827016,1523832109,102912326
dimwishlist:item=2972949637&perks=3525010810,2985827016,1523832109,831391274
dimwishlist:item=2972949637&perks=3525010810,2985827016,3523296417,3007133316
dimwishlist:item=2972949637&perks=3525010810,2985827016,3523296417,4104185692
dimwishlist:item=2972949637&perks=3525010810,2985827016,3523296417,102912326
dimwishlist:item=2972949637&perks=3525010810,2985827016,3523296417,831391274
dimwishlist:item=2972949637&perks=3525010810,2985827016,2869569095,3007133316
dimwishlist:item=2972949637&perks=3525010810,2985827016,2869569095,4104185692
dimwishlist:item=2972949637&perks=3525010810,2985827016,2869569095,102912326
dimwishlist:item=2972949637&perks=3525010810,2985827016,2869569095,831391274
dimwishlist:item=2972949637&perks=3525010810,2985827016,968510818,3007133316
dimwishlist:item=2972949637&perks=3525010810,2985827016,968510818,4104185692
dimwishlist:item=2972949637&perks=3525010810,2985827016,968510818,102912326
dimwishlist:item=2972949637&perks=3525010810,2985827016,968510818,831391274
dimwishlist:item=2972949637&perks=3525010810,2985827016,424370782,3007133316
dimwishlist:item=2972949637&perks=3525010810,2985827016,424370782,4104185692
dimwishlist:item=2972949637&perks=3525010810,2985827016,424370782,102912326
dimwishlist:item=2972949637&perks=3525010810,2985827016,424370782,831391274
dimwishlist:item=2972949637&perks=981914802,3301904089,461595545,3007133316
dimwishlist:item=2972949637&perks=981914802,3301904089,461595545,4104185692
dimwishlist:item=2972949637&perks=981914802,3301904089,461595545,102912326
dimwishlist:item=2972949637&perks=981914802,3301904089,461595545,831391274
dimwishlist:item=2972949637&perks=981914802,3301904089,1906147653,3007133316
dimwishlist:item=2972949637&perks=981914802,3301904089,1906147653,4104185692
dimwishlist:item=2972949637&perks=981914802,3301904089,1906147653,102912326
dimwishlist:item=2972949637&perks=981914802,3301904089,1906147653,831391274
dimwishlist:item=2972949637&perks=981914802,3301904089,2308090567,3007133316
dimwishlist:item=2972949637&perks=981914802,3301904089,2308090567,4104185692
dimwishlist:item=2972949637&perks=981914802,3301904089,2308090567,102912326
dimwishlist:item=2972949637&perks=981914802,3301904089,2308090567,831391274
dimwishlist:item=2972949637&perks=981914802,3301904089,1523832109,3007133316
dimwishlist:item=2972949637&perks=981914802,3301904089,1523832109,4104185692
dimwishlist:item=2972949637&perks=981914802,3301904089,1523832109,102912326
dimwishlist:item=2972949637&perks=981914802,3301904089,1523832109,831391274
dimwishlist:item=2972949637&perks=981914802,3301904089,3523296417,3007133316
dimwishlist:item=2972949637&perks=981914802,3301904089,3523296417,4104185692
dimwishlist:item=2972949637&perks=981914802,3301904089,3523296417,102912326
dimwishlist:item=2972949637&perks=981914802,3301904089,3523296417,831391274
dimwishlist:item=2972949637&perks=981914802,3301904089,2869569095,3007133316
dimwishlist:item=2972949637&perks=981914802,3301904089,2869569095,4104185692
dimwishlist:item=2972949637&perks=981914802,3301904089,2869569095,102912326
dimwishlist:item=2972949637&perks=981914802,3301904089,2869569095,831391274
dimwishlist:item=2972949637&perks=981914802,3301904089,968510818,3007133316
dimwishlist:item=2972949637&perks=981914802,3301904089,968510818,4104185692
dimwishlist:item=2972949637&perks=981914802,3301904089,968510818,102912326
dimwishlist:item=2972949637&perks=981914802,3301904089,968510818,831391274
dimwishlist:item=2972949637&perks=981914802,3301904089,424370782,3007133316
dimwishlist:item=2972949637&perks=981914802,3301904089,424370782,4104185692
dimwishlist:item=2972949637&perks=981914802,3301904089,424370782,102912326
dimwishlist:item=2972949637&perks=981914802,3301904089,424370782,831391274
dimwishlist:item=2972949637&perks=981914802,2985827016,461595545,3007133316
dimwishlist:item=2972949637&perks=981914802,2985827016,461595545,4104185692
dimwishlist:item=2972949637&perks=981914802,2985827016,461595545,102912326
dimwishlist:item=2972949637&perks=981914802,2985827016,461595545,831391274
dimwishlist:item=2972949637&perks=981914802,2985827016,1906147653,3007133316
dimwishlist:item=2972949637&perks=981914802,2985827016,1906147653,4104185692
dimwishlist:item=2972949637&perks=981914802,2985827016,1906147653,102912326
dimwishlist:item=2972949637&perks=981914802,2985827016,1906147653,831391274
dimwishlist:item=2972949637&perks=981914802,2985827016,2308090567,3007133316
dimwishlist:item=2972949637&perks=981914802,2985827016,2308090567,4104185692
dimwishlist:item=2972949637&perks=981914802,2985827016,2308090567,102912326
dimwishlist:item=2972949637&perks=981914802,2985827016,2308090567,831391274
dimwishlist:item=2972949637&perks=981914802,2985827016,1523832109,3007133316
dimwishlist:item=2972949637&perks=981914802,2985827016,1523832109,4104185692
dimwishlist:item=2972949637&perks=981914802,2985827016,1523832109,102912326
dimwishlist:item=2972949637&perks=981914802,2985827016,1523832109,831391274
dimwishlist:item=2972949637&perks=981914802,2985827016,3523296417,3007133316
dimwishlist:item=2972949637&perks=981914802,2985827016,3523296417,4104185692
dimwishlist:item=2972949637&perks=981914802,2985827016,3523296417,102912326
dimwishlist:item=2972949637&perks=981914802,2985827016,3523296417,831391274
dimwishlist:item=2972949637&perks=981914802,2985827016,2869569095,3007133316
dimwishlist:item=2972949637&perks=981914802,2985827016,2869569095,4104185692
dimwishlist:item=2972949637&perks=981914802,2985827016,2869569095,102912326
dimwishlist:item=2972949637&perks=981914802,2985827016,2869569095,831391274
dimwishlist:item=2972949637&perks=981914802,2985827016,968510818,3007133316
dimwishlist:item=2972949637&perks=981914802,2985827016,968510818,4104185692
dimwishlist:item=2972949637&perks=981914802,2985827016,968510818,102912326
dimwishlist:item=2972949637&perks=981914802,2985827016,968510818,831391274
dimwishlist:item=2972949637&perks=981914802,2985827016,424370782,3007133316
dimwishlist:item=2972949637&perks=981914802,2985827016,424370782,4104185692
dimwishlist:item=2972949637&perks=981914802,2985827016,424370782,102912326
dimwishlist:item=2972949637&perks=981914802,2985827016,424370782,831391274
dimwishlist:item=2972949637&perks=3798852852,3301904089,461595545,3007133316
dimwishlist:item=2972949637&perks=3798852852,3301904089,461595545,4104185692
dimwishlist:item=2972949637&perks=3798852852,3301904089,461595545,102912326
dimwishlist:item=2972949637&perks=3798852852,3301904089,461595545,831391274
dimwishlist:item=2972949637&perks=3798852852,3301904089,1906147653,3007133316
dimwishlist:item=2972949637&perks=3798852852,3301904089,1906147653,4104185692
dimwishlist:item=2972949637&perks=3798852852,3301904089,1906147653,102912326
dimwishlist:item=2972949637&perks=3798852852,3301904089,1906147653,831391274
dimwishlist:item=2972949637&perks=3798852852,3301904089,2308090567,3007133316
dimwishlist:item=2972949637&perks=3798852852,3301904089,2308090567,4104185692
dimwishlist:item=2972949637&perks=3798852852,3301904089,2308090567,102912326
dimwishlist:item=2972949637&perks=3798852852,3301904089,2308090567,831391274
dimwishlist:item=2972949637&perks=3798852852,3301904089,1523832109,3007133316
dimwishlist:item=2972949637&perks=3798852852,3301904089,1523832109,4104185692
dimwishlist:item=2972949637&perks=3798852852,3301904089,1523832109,102912326
dimwishlist:item=2972949637&perks=3798852852,3301904089,1523832109,831391274
dimwishlist:item=2972949637&perks=3798852852,3301904089,3523296417,3007133316
dimwishlist:item=2972949637&perks=3798852852,3301904089,3523296417,4104185692
dimwishlist:item=2972949637&perks=3798852852,3301904089,3523296417,102912326
dimwishlist:item=2972949637&perks=3798852852,3301904089,3523296417,831391274
dimwishlist:item=2972949637&perks=3798852852,3301904089,2869569095,3007133316
dimwishlist:item=2972949637&perks=3798852852,3301904089,2869569095,4104185692
dimwishlist:item=2972949637&perks=3798852852,3301904089,2869569095,102912326
dimwishlist:item=2972949637&perks=3798852852,3301904089,2869569095,831391274
dimwishlist:item=2972949637&perks=3798852852,3301904089,968510818,3007133316
dimwishlist:item=2972949637&perks=3798852852,3301904089,968510818,4104185692
dimwishlist:item=2972949637&perks=3798852852,3301904089,968510818,102912326
dimwishlist:item=2972949637&perks=3798852852,3301904089,968510818,831391274
dimwishlist:item=2972949637&perks=3798852852,3301904089,424370782,3007133316
dimwishlist:item=2972949637&perks=3798852852,3301904089,424370782,4104185692
dimwishlist:item=2972949637&perks=3798852852,3301904089,424370782,102912326
dimwishlist:item=2972949637&perks=3798852852,3301904089,424370782,831391274
dimwishlist:item=2972949637&perks=3798852852,2985827016,461595545,3007133316
dimwishlist:item=2972949637&perks=3798852852,2985827016,461595545,4104185692
dimwishlist:item=2972949637&perks=3798852852,2985827016,461595545,102912326
dimwishlist:item=2972949637&perks=3798852852,2985827016,461595545,831391274
dimwishlist:item=2972949637&perks=3798852852,2985827016,1906147653,3007133316
dimwishlist:item=2972949637&perks=3798852852,2985827016,1906147653,4104185692
dimwishlist:item=2972949637&perks=3798852852,2985827016,1906147653,102912326
dimwishlist:item=2972949637&perks=3798852852,2985827016,1906147653,831391274
dimwishlist:item=2972949637&perks=3798852852,2985827016,2308090567,3007133316
dimwishlist:item=2972949637&perks=3798852852,2985827016,2308090567,4104185692
dimwishlist:item=2972949637&perks=3798852852,2985827016,2308090567,102912326
dimwishlist:item=2972949637&perks=3798852852,2985827016,2308090567,831391274
dimwishlist:item=2972949637&perks=3798852852,2985827016,1523832109,3007133316
dimwishlist:item=2972949637&perks=3798852852,2985827016,1523832109,4104185692
dimwishlist:item=2972949637&perks=3798852852,2985827016,1523832109,102912326
dimwishlist:item=2972949637&perks=3798852852,2985827016,1523832109,831391274
dimwishlist:item=2972949637&perks=3798852852,2985827016,3523296417,3007133316
dimwishlist:item=2972949637&perks=3798852852,2985827016,3523296417,4104185692
dimwishlist:item=2972949637&perks=3798852852,2985827016,3523296417,102912326
dimwishlist:item=2972949637&perks=3798852852,2985827016,3523296417,831391274
dimwishlist:item=2972949637&perks=3798852852,2985827016,2869569095,3007133316
dimwishlist:item=2972949637&perks=3798852852,2985827016,2869569095,4104185692
dimwishlist:item=2972949637&perks=3798852852,2985827016,2869569095,102912326
dimwishlist:item=2972949637&perks=3798852852,2985827016,2869569095,831391274
dimwishlist:item=2972949637&perks=3798852852,2985827016,968510818,3007133316
dimwishlist:item=2972949637&perks=3798852852,2985827016,968510818,4104185692
dimwishlist:item=2972949637&perks=3798852852,2985827016,968510818,102912326
dimwishlist:item=2972949637&perks=3798852852,2985827016,968510818,831391274
dimwishlist:item=2972949637&perks=3798852852,2985827016,424370782,3007133316
dimwishlist:item=2972949637&perks=3798852852,2985827016,424370782,4104185692
dimwishlist:item=2972949637&perks=3798852852,2985827016,424370782,102912326
dimwishlist:item=2972949637&perks=3798852852,2985827016,424370782,831391274


